0,0,0.41033682,0.510975611,0.030487805,0.0,0.042102207,0.006097561,0.061788618
0,1,0.5311230685,0.367268903,0.0545589965,0.0,0.0385416605,0.0085073795,0.170756391
0,2,0.3462852775,0.48875882150000005,0.1318408305,0.003888889,0.027374339,0.001851852,0.05372575
0,3,0.6167974405,0.306980521,0.0183486655,0.0,0.057873377000000004,0.0,0.16022276400000002
0,4,0.5015231274999999,0.3729340415,0.0484301675,0.005263158,0.055870358,0.0159791525,0.15828377799999999
0,5,0.508301638,0.42055391350000004,0.0379212465,0.005769231,0.0191452995,0.0083086785,0.17460928
0,6,0.48683078,0.439443775,0.027623083,0.0,0.037345306,0.008757062,0.122033899
0,7,0.3568957195,0.463955406,0.122916668,0.0011574075,0.051650809,0.003423997,0.057563232
0,8,0.5174068945,0.406545561,0.032018313,0.0,0.021903216,0.022126022500000002,0.1812622835
0,9,0.633854168,0.26901041800000003,0.0181640625,4.882815E-4,0.049837240000000005,0.0286458335,0.26683872799999997
1,0,0.312889142,0.46277219633333333,0.06549964533333334,3.4542300000000003E-4,0.09635227666666668,0.06214132733333333,0.06104485066666667
1,1,0.351229352,0.38536344575,0.09553183800000001,0.00483800925,0.1112104575,0.051826906500000006,0.039834603999999996
1,2,0.34563199466666666,0.4429238983333333,0.06264729200000001,0.0022361476666666667,0.06993059,0.07653262633333334,0.044988577333333335
1,3,0.34736015875000004,0.41058449525,0.071770725,0.014278659499999999,0.09175694625,0.06424902475,0.043087261
1,4,0.33917441775,0.441942837,0.07260169650000001,0.0029497035000000003,0.08808897674999999,0.05524237675,0.05093519625
1,5,0.30692684766666667,0.459229844,0.074472895,0.0030224526666666664,0.09876450033333334,0.05751042233333333,0.03276145833333333
1,6,0.38726875250000004,0.38629812900000005,0.082604643,0.0021369895,0.10138474250000001,0.0401485285,0.047247964
1,7,0.41150465550000004,0.38070436275,0.049312612,3.0854075E-4,0.1258768635,0.032292976749999994,0.09189991775
1,8,0.2913153825,0.477433891,0.07367803125,0.0138007135,0.08957500725,0.05396734550000001,0.039892957
1,9,0.344690873,0.37275430475,0.088532842,0.00121136025,0.16382261874999998,0.028988006249999997,0.041447373499999995
2,0,0.47710401066666663,0.34397357433333337,0.07047159566666666,0.0025717296666666668,0.069002192,0.036876911000000005,0.060831384666666675
2,1,0.433560669,0.37963040024999994,0.0333782955,0.0043802072499999995,0.12836736675,0.01889736225,0.0670411055
2,2,0.52640427175,0.28111886725,0.05592035975,4.756105E-4,0.09514976275,0.040598388,0.18118109325
2,3,0.45186917125000003,0.3539901205,0.049704344250000004,0.0039942894999999996,0.10463326499999999,0.03580882525,0.06190284625
2,4,0.46483519075,0.35053028625,0.0596544985,0.0010697015,0.0891624985,0.033557363,0.07681723775
2,5,0.4124533555,0.44468001625000003,0.044386407249999996,0.011930901249999999,0.05689854925,0.029385948000000002,0.028768086999999998
2,6,0.4047339375,0.389229524,0.061916231,0.0017045015,0.1173117545,0.024975069000000003,0.0605629085
2,7,0.44883452,0.35745645449999996,0.025814812,0.022841708999999998,0.0904081155,0.054644402749999994,0.07440866674999999
2,8,0.33700769175,0.48473601799999994,0.047495488249999995,2.392625E-4,0.09654685899999998,0.033974681250000006,0.052757542750000004
2,9,0.44868480066666666,0.3359960853333333,0.08186937633333334,0.0015006746666666668,0.07978012933333334,0.05216894766666667,0.04829913933333333
3,0,0.4706595943333333,0.3527720693333333,0.03506526833333334,0.0,0.08431710399999999,0.05024153866666666,0.14885665366666667
3,1,0.4433029945,0.34867618425,0.058451484,0.0025501397500000004,0.12732280699999998,0.019658725000000002,0.03125083025
3,2,0.3627006183333333,0.329889364,0.09895255533333332,0.005392000333333334,0.16465061366666667,0.03841486633333333,0.12471156833333334
3,3,0.41590350675,0.37070763525,0.089070235,0.0043175982500000005,0.09744381775000001,0.02255722475,0.0621962885
3,4,0.3672541875,0.39783464025000004,0.05652942525,0.00536179675,0.13392750875,0.0390924465,0.037393219
3,5,0.38176558499999996,0.4035323276666667,0.06771899333333332,0.0012480326666666666,0.11848674433333332,0.027248328666666665,0.03888575166666667
3,6,0.3971903795,0.3768951395,0.061713278999999996,0.009000209,0.1153795125,0.039558057,0.0409465935
3,7,0.453340666,0.33845723125,0.0336681855,0.0024889535,0.08951582275,0.08238140375,0.14401769050000002
3,8,0.346929337,0.4043816885,0.07267312075,0.0036414177499999997,0.1442053815,0.026906442500000002,0.119269822
3,9,0.51406725025,0.2818814985,0.07408313050000001,0.001901803,0.0987160255,0.029350294,0.0901862675
4,0,0.4387989415,0.396591386,0.0411473765,0.0013157895,0.0967653515,0.0253811615,0.07704678400000001
4,1,0.51379290225,0.3704307055,0.054183732,0.00145424075,0.048607919,0.0115305105,0.05953072275
4,2,0.288460331,0.564665591,0.025942061,0.0,0.09921702666666667,0.021715003,0.06327766833333333
4,3,0.36431297149999997,0.37036297625,0.10577509925,0.002840909,0.103102708,0.0536053455,0.024351499250000002
4,4,0.3432346353333333,0.44158346400000004,0.083343057,9.455223333333333E-4,0.07506893599999999,0.055824398666666664,0.075119654
4,5,0.23818313575,0.5360810469999999,0.03494692875,0.003243327,0.14468813875,0.042578109,0.04476092275
4,6,0.41773202249999997,0.35944012550000004,0.052621652500000005,0.0015455765,0.1056925345,0.062968104,0.1319984115
4,7,0.401665471,0.40945935133333333,0.01686287,4.6168766666666665E-4,0.10325946800000001,0.06829116066666667,0.13580520433333335
4,8,0.2893366423333333,0.5355235133333333,0.05780122666666667,0.0032840723333333335,0.084188276,0.029866286333333335,0.08594326933333334
4,9,0.3033041155,0.47065181275,0.035225362999999996,0.00115384625,0.178343772,0.01132109825,0.092297664
5,0,0.30344725300000003,0.32375507233333334,0.067287232,0.0032750476666666664,0.18588026800000002,0.116355146,0.03200579433333333
5,1,0.4610731415,0.35729493175000004,0.03253218,0.0069038905,0.115782572,0.026413292750000004,0.052950695
5,2,0.3748777986666667,0.43384423,0.05841688433333333,0.002914346,0.10622932233333333,0.023717434333333332,0.072529321
5,3,0.34386564000000003,0.436809574,0.05493772,0.0056517095,0.11567327599999999,0.04306209,0.02160941625
5,4,0.42589572425,0.35737992075,0.07758639525000001,1.65344E-4,0.09088520975,0.04735520024999999,0.061386944
5,5,0.369327607,0.4599379756666666,0.03899465866666667,0.004301628333333333,0.09343796666666666,0.03391264,0.08058510066666667
5,6,0.388060986,0.4117942375,0.051061130999999996,0.0056976505,0.11049561,0.029590909000000002,0.05256389
5,7,0.4234830246666667,0.3661774226666667,0.037914864,0.0012024433333333335,0.1351237293333333,0.036098528666666664,0.09721622699999999
5,8,0.302934732,0.46940355825,0.07233211775,0.0032380374999999998,0.12184166925,0.030049437499999998,0.0338670375
5,9,0.373792619,0.38636206525,0.041888974499999995,0.0149729765,0.13484451975,0.048138862,0.0389954825
6,0,0.372479643,0.4069893375,0.0673843705,0.0,0.119907846,0.0326122465,0.0508112145
6,1,0.4241437185,0.353720158,0.0750997385,0.0024831215,0.10509321875,0.03924996875,0.05161745825
6,2,0.31526273974999997,0.45843022200000005,0.041884334,0.0028871765,0.13236114825,0.048318228500000004,0.04382353325
6,3,0.454681122,0.325523204,0.059832592250000004,9.7856475E-4,0.12824396025,0.03074057525,0.03556867175
6,4,0.374131923,0.35007112075,0.06677879199999999,0.0015417405,0.18388277675,0.023593666,0.037180936
6,5,0.39791091300000003,0.42891835466666667,0.032933071,5.882353333333334E-4,0.10190162066666668,0.037144647,0.04737297433333334
6,6,0.45627030749999997,0.333149876,0.0630634425,0.019372294499999998,0.110494256,0.0163872115,0.10497716700000001
6,7,0.40804056133333333,0.4209954736666666,0.03992740966666666,0.002473884,0.08867981833333334,0.03988287099999999,0.04898249333333334
6,8,0.42824387124999996,0.41105389000000003,0.04446633775,1.266465E-4,0.08968273325,0.0261847585,0.060589565
6,9,0.57886052025,0.26644470375,0.03435107,0.00329733925,0.10082416550000001,0.016222215249999998,0.10908557975
7,0,0.46403843300000003,0.3773540525,0.0780764005,0.002136752,0.030979515,0.047414854,0.2443426945
7,1,0.52377043,0.318947187,0.059326204,7.084266666666666E-4,0.08535822066666666,0.011889546,0.08077650433333333
7,2,0.19821307200000002,0.6698356743333335,0.018956487,9.29508E-4,0.060457604,0.051607662666666665,0.06999324566666666
7,3,0.44533317666666666,0.3186564733333333,0.07994046033333332,7.16846E-4,0.13050112366666666,0.024851924666666664,0.10899380433333333
7,4,0.43340004449999997,0.33482519225,0.08595260375000001,0.03570711425,0.06621447050000001,0.043900589500000003,0.09416700825000002
7,5,0.30417447633333333,0.518484812,0.055087301666666665,0.018955621333333336,0.07833741733333333,0.02496038466666667,0.06647928533333333
7,6,0.37437954549999997,0.36327009200000004,0.1210521425,0.00130854,0.111991369,0.0276539755,0.069155099
7,7,0.44779820033333334,0.40295456566666665,0.03478114566666666,4.9416E-4,0.09426095000000001,0.019459419333333335,0.12321788566666668
7,8,0.35135843133333333,0.4788250043333333,0.05087104433333333,7.751936666666667E-4,0.100795972,0.01737437,0.080505777
7,9,0.48650269025000004,0.41668888125000003,0.0418539495,0.001033058,0.0290000885,0.02480887875,0.29159096975000004
8,0,0.34158170633333335,0.32576388533333334,0.099338667,0.0067535596666666664,0.13265520466666667,0.09390699133333334,0.11853885433333333
8,1,0.45290298566666665,0.334452622,0.047916555,0.0018447973333333334,0.116120589,0.04536190466666667,0.061399671999999995
8,2,0.346927714,0.37262232425,0.01749377875,0.010567633,0.18765230174999997,0.064736277,0.04979910975
8,3,0.421259817,0.37631276966666666,0.054484367666666665,0.007171717333333333,0.09501701666666666,0.045754325333333325,0.05669469233333333
8,4,0.41172194075,0.33642036525,0.06999045649999999,0.00463587225,0.107978195,0.067864295,0.0576995255
8,5,0.4106864346666666,0.42443568133333337,0.046406817666666676,0.004279204333333334,0.08166070566666667,0.03230954133333333,0.06372759666666666
8,6,0.4346424705,0.3957899755,0.0657592435,0.0012335055,0.038964195,0.06318033549999999,0.0584633145
8,7,0.423590143,0.321179768,0.050164763,0.0158866775,0.131358441,0.05742990099999999,0.0964956545
8,8,0.3362737116666667,0.41463700666666664,0.07396445,0.011609455,0.132355199,0.031160194,0.062901001
8,9,0.41961102133333333,0.29648142099999997,0.08102056366666667,0.0013227513333333334,0.16543353466666666,0.03613072766666667,0.04556107566666667
9,0,0.45112602399999996,0.4164965166666666,0.05251851966666667,0.0,0.061841752,0.018017196,0.04305555566666667
9,1,0.41295221125000003,0.45518134400000004,0.0478891335,6.6734975E-4,0.052263344749999996,0.031046633249999997,0.0916386685
9,2,0.3298877273333334,0.5065207013333333,0.044254738999999994,0.0016227566666666667,0.06659203633333334,0.051122053,0.10211528666666668
9,3,0.4996122903333333,0.33416373,0.04815631,0.0012919896666666666,0.067929773,0.04884592666666667,0.163296142
9,4,0.297528238,0.46561260299999996,0.076898345,0.00397205125,0.12989633849999999,0.0260924405,0.07686507975000001
9,5,0.4929709555,0.380831875,0.03604305075,0.00319160275,0.058184628249999995,0.028777894249999998,0.08575817824999998
9,6,0.334672666,0.49905094699999997,0.07941917200000001,6.18038E-4,0.0565968955,0.0296422895,0.148426606
9,7,0.4215732003333333,0.32695373366666663,0.03874084266666667,0.0016002416666666666,0.11468420666666668,0.096447786,0.08398560333333333
9,8,0.33857932733333335,0.40111654,0.057159518333333326,4.7990066666666665E-4,0.133097289,0.069567439,0.11773361533333333
9,9,0.40848937075,0.39520447925,0.02882783075,4.9603175E-4,0.1476765555,0.01930575275,0.115747828
